int
4
6
11
3
5
10
0
3
0
0
56
1
0
0
0
0
20
0
0
0
3
0
0
3
0
0
0
15
0
0
0
0
0
0
0
0
0
7
0
0
6
0
0
0
8
0
3
0
0
27
0
0
41
0
0
0
0
0
0
0
0
0
0
4
0
5
3
0
0
0
27
0
1
0
0
0
0
0
0
14
7
7
2
0
0
0
0
0
0
0
0
0
0
0
0
0
0
0
5
3
1
0
15
3
0
0
0
0
2
0
11
0
0
0
0
0
0
0
3
0
0
0
0
0
0
0
0
4
0
0
0
0
0
0
5
7
0
0
0
0
0
0
0
1
0
0
0
4
0
0
3
0
0
2
0
6
0
2
0
0
17
5
11
0
0
0
0
0
3
1
2
0
0
0
4
0
0
0
0
9
0
0
2
0
0
0
0
0
0
0
2
16
0
0
0
6
1
0
0
0
5
2
0
8
49
13
17
0
0
10
0
3
0
0
0
0
0
0
0
1
0
0
0
0
0
0
0
0
0
0
0
0
0
7
14
0
0
0
1
0
0
0
0
0
0
0
0
0
3
38
0
4
0
7
0
0
0
0
0
0
0
0
0
0
0
0
0
0
0
4
0
0
0
0
0
7
19
0
12
0
2
0
8
0
0
0
3
26
0
22
0
0
0
0
0
0
0
0
0
0
1
13
0
0
0
0
0
0
12
0
2
1
0
0
0
0
0
0
3
0
0
0
0
4
2
0
6
8
0
7
0
1
0
0
0
1
0
0
0
4
3
1
0
2
14
1
5
3
0
0
0
7
0
0
0
24
9
0
0
0
7
0
0
5
3
0
0
0
0
0
0
0
3
0
4
89
1
0
0
0
0
0
0
19
5
0
0
9
0
0
0
0
0
0
0
0
3
0
0
0
0
0
13
0
0
8
0
1
2
4
0
12
13
0
1
0
0
0
1
0
0
0
0
0
4
0
0
0
5
43
46
0
9
2
8
2
0
0
0
2
0
0
0
0
4
0
0
109
0
0
0
0
0
3
4
0
0
0
0
0
3
0
0
0
0
0
0
0
59
7
0
15
10
0
0
0
8
4
0
0
0
0
0
0
4
0
0
0
0
68
8
0
4
8
0
0
0
0
1
0
0
0
1
1
13
14
5
5
38
7
0
0
0
0
1
5
0
0
0
0
3
0
0
0
0
0
0
0
0
0
0
0
0
0
6
6
0
0
0
0
3
0
0
3
0
0
0
0
1
3
0
4
4
0
9
0
0
0
0
0
0
0
0
11
0
0
1
0
0
0
0
0
4
14
9
0
1
0
0
0
2
52
5
1
15
0
0
0
0
0
0
0
6
12
0
0
0
0
0
0
0
0
0
3
0
0
0
6
0
0
0
0
6
0
2
0
0
0
5
0
0
0
2
0
0
0
10
25
0
0
0
0
0
0
0
0
0
0
0
3
3
0
0
0
0
0
2
0
0
0
0
0
3
1
0
3
2
12
1
0
0
170
1
0
17
10
0
0
0
2
0
0
0
0
19
3
0
8
1
0
0
0
6
0
0
0
0
0
0
54
42
0
16
72
0
0
0
1
0
0
0
0
0
0
0
0
0
0
0
0
0
0
0
0
4
0
0
3
5
1
0
0
0
0
0
0
0
0
0
0
0
0
0
0
13
3
1
0
2
18
5
23
0
0
0
0
0
0
0
3
6
6
110
1
4
10
0
0
10
0
0
0
0
0
0
0
0
0
0
0
0
0
0
0
0
0
7
0
0
0
1
0
11
12
10
0
0
0
3
10
0
0
0
0
0
0
0
0
6
0
0
0
0
0
0
0
0
0
2
0
6
0
0
0
5
16
6
0
0
0
0
0
0
0
0
12
6
0
0
0
0
0
0
0
0
0
0
0
11
0
0
0
0
0
0
4
0
0
0
0
0
19
3
8
2
1
5
0
7
0
5
0
1
0
0
105
0
0
0
0
12
133
0
2
0
31
6
3
0
0
0
0
3
0
0
0
1
12
7
0
0
0
26
3
0
1
0
0
0
0
0
0
0
0
6
3
0
0
0
0
0
35
27
0
0
0
6
1
0
0
0
4
11
0
1
0
0
0
0
0
0
0
0
0
5
0
0
0
0
0
3
0
0
57
6
0
0
0
0
0
0
0
0
0
10
0
5
0
11
0
0
0
0
0
0
0
0
0
0
5
0
0
0
0
0
0
0
0
0
0
0
5
0
0
14
0
0
0
0
0
0
0
0
0
0
8
3
0
0
0
4
0
0
0
3
0
0
4
0
2
0
3
0
0
3
6
0
0
0
7
0
5
0
0
0
5
4
0
0
9
0
5
0
0
0
1
0
0
0
10
0
0
4
27
0
0
0
1
0
0
10
27
0
0
3
15
0
0
15
0
0
0
0
0
0
0
0
3
0
0
0
0
0
0
0
0
0
0
0
0
10
3
15
0
0
0
0
0
0
2
0
0
0
0
0
0
0
0
0
0
7
6
2
16
3
0
0
3
33
0
0
0
7
0
1
0
0
0
0
0
0
0
0
0
0
0
19
0
9
6
0
0
0
0
0
0
3
6
0
0
0
0
0
0
0
0
3
0
35
0
0
16
0
0
1
0
0
4
0
0
0
0
0
0
0
0
0
0
0
0
0
0
0
2
0
0
3
209
0
0
0
0
0
0
0
0
0
0
0
0
0
3
1
1
0
0
0
0
0
0
0
0
0
15
0
0
5
0
0
0
17
0
0
0
0
0
0
4
11
1
0
0
0
0
1
0
0
0
5
0
2
0
0
0
0
24
0
12
0
0
0
2
2
4
10
0
0
0
2
7
0
0
0
0
0
0
0
0
0
0
0
0
0
0
0
7
8
0
79
0
3
12
2
0
0
0
0
0
0
0
0
0
0
15
0
0
4
9
5
0
0
0
0
0
0
0
0
3
0
0
12
1
4
0
12
22
0
2
0
0
0
48
23
0
0
0
0
2
0
0
0
0
3
0
0
2
0
2
7
0
2
0
0