int
0
4
0
1
6
11
0
0
3
0
5
10
0
3
0
56
1
0
20
0
0
3
0
0
0
0
3
0
0
0
15
0
0
0
0
0
0
1
7
0
0
6
0
0
0
0
0
8
0
1
3
0
27
0
41
0
0
0
1
0
0
0
0
0
0
0
4
0
0
5
3
0
27
0
0
1
0
0
0
0
0
14
0
7
7
2
0
0
0
0
0
0
0
0
0
0
0
0
0
5
0
3
1
15
1
3
0
0
0
0
2
0
11
0
0
0
0
0
0
0
0
0
0
3
0
0
0
0
4
0
0
0
0
0
0
0
0
0
0
0
0
0
0
5
0
7
0
0
4
0
0
3
0
2
2
0
0
6
0
0
0
2
17
5
0
11
0
0
0
3
0
0
0
0
0
0
0
4
0
0
0
9
0
0
1
0
0
0
0
0
0
0
2
0
16
0
6
0
0
0
0
5
0
0
0
8
49
0
13
17
0
10
0
0
3
0
0
0
0
0
0
1
0
0
0
0
0
0
0
1
0
0
0
0
0
0
0
7
14
0
0
0
1
0
0
0
0
0
0
0
0
0
3
38
0
4
0
7
0
0
0
0
0
0
0
0
0
0
0
0
0
0
0
4
0
0
0
7
19
0
12
0
0
8
0
0
0
0
0
0
0
3
0
26
0
0
22
0
0
0
0
1
13
0
0
0
0
0
0
0
12
2
0
2
1
0
0
0
0
0
0
3
0
1
4
0
0
6
0
0
8
0
7
0
0
0
0
0
0
0
0
4
0
3
1
0
2
14
1
0
5
3
0
7
0
0
0
24
9
0
0
7
0
0
0
5
0
3
0
0
0
0
0
0
0
0
3
0
4
0
89
0
1
0
0
0
0
19
5
0
0
9
0
0
0
0
0
3
0
0
0
0
0
13
0
0
0
8
0
1
0
2
4
0
2
12
13
0
1
0
0
0
0
0
4
0
4
0
0
0
5
0
0
43
46
0
9
0
2
8
2
0
2
0
0
4
0
0
109
0
0
0
0
0
0
3
0
4
0
0
0
0
3
0
0
0
0
0
0
1
0
59
7
0
0
0
0
8
0
0
4
0
0
0
0
0
4
0
0
0
0
0
0
68
8
0
4
8
0
0
0
0
0
1
0
0
1
1
13
2
14
2
5
5
38
7
0
0
0
0
0
1
5
0
3
0
0
0
0
0
0
0
0
0
0
1
6
0
6
0
0
3
0
0
0
3
0
0
0
0
0
1
3
0
0
4
4
0
9
2
0
0
0
0
0
0
11
0
1
0
0
0
0
0
0
4
14
0
9
0
1
0
2
52
0
0
5
1
15
0
0
0
0
1
6
0
0
0
12
0
0
0
0
0
0
0
3
0
6
0
0
0
0
0
0
0
6
0
0
2
0
0
5
0
2
0
0
10
0
25
0
0
0
0
0
0
0
0
0
0
3
0
3
0
0
0
0
0
0
2
0
0
0
0
0
3
1
0
1
0
3
2
12
0
170
1
0
0
17
10
0
0
0
0
0
0
0
19
3
0
0
0
8
1
0
6
0
0
0
0
0
0
54
42
0
0
16
72
0
0
0
1
0
0
0
0
0
0
0
0
0
0
0
0
0
4
0
0
0
3
0
5
0
0
0
0
0
0
0
0
0
0
0
0
0
1
0
0
13
0
3
1
0
0
0
2
18
0
5
23
0
3
6
0
6
110
1
4
10
0
0
10
0
0
0
0
0
0
0
0
0
0
0
0
0
0
0
0
0
0
7
0
0
0
0
11
0
12
0
10
0
3
0
10
0
0
0
0
0
6
0
0
0
0
0
0
0
0
0
1
2
0
6
0
0
0
0
5
16
0
6
0
0
0
0
0
0
6
0
0
0
0
0
0
0
0
0
0
0
0
11
0
0
0
0
0
0
4
0
0
0
0
0
19
3
0
8
2
5
0
0
7
0
5
0
0
105
0
3
0
0
12
0
133
0
0
1
31
0
6
3
0
0
3
0
0
0
0
1
0
0
1
12
7
0
0
26
3
0
1
0
0
0
0
0
0
6
0
0
0
0
0
35
0
27
0
0
0
6
1
0
0
4
2
11
0
0
0
0
0
0
0
0
0
1
5
2
0
0
0
0
3
0
0
0
57
6
0
0
0
0
0
0
0
0
0
10
0
0
0
0
5
0
11
0
0
0
0
0
0
5
0
1
0
0
0
0
0
0
0
0
0
0
5
0
0
0
14
0
0
0
0
0
0
0
1
0
8
3
0
0
4
0
0
0
0
0
3
0
4
0
0
3
0
0
3
0
6
0
0
4
3
0
5
0
0
0
5
0
4
0
0
9
0
0
5
0
0
1
2
10
0
0
1
4
27
0
0
1
0
0
2
10
0
27
0
0
3
15
0
0
0
15
0
0
0
0
0
0
0
3
0
0
0
0
0
0
0
0
0
2
0
10
0
0
0
0
0
0
0
0
2
0
0
0
0
0
0
0
0
0
7
0
6
2
0
0
16
3
0
0
3
33
0
0
7
0
0
0
0
0
0
0
0
0
0
0
0
0
19
0
0
9
0
6
0
0
0
3
0
6
1
0
2
0
0
0
0
3
0
0
35
0
0
16
0
0
0
4
0
0
0
0
0
0
0
0
0
0
0
0
0
0
0
0
0
0
2
0
0
0
3
209
0
0
0
0
4
0
0
0
0
3
0
0
0
0
0
0
0
0
0
0
0
15
2
2
0
0
0
5
0
17
0
0
0
0
0
0
1
4
0
11
1
0
0
1
0
0
0
5
0
0
2
0
0
0
24
0
0
0
0
0
0
12
0
0
0
2
2
0
4
0
10
0
7
0
0
0
0
0
0
0
0
0
0
0
0
7
8
0
0
79
0
3
0
12
2
0
0
0
0
0
0
15
0
0
4
0
9
5
0
0
0
0
0
0
0
3
0
0
0
0
0
12
1
0
0
4
0
0
12
22
0
2
0
48
23
0
0
2
0
0
3
0
0
0
2
0
0
2
7
0