int 
0
0
6
0
0
5
10
0
0
0
0
56
1
0
0
0
0
0
0
0
0
0
0
0
3
0
0
0
15
0
0
0
0
0
0
0
0
0
0
0
0
0
0
0
0
8
0
0
0
0
0
0
0
41
0
0
0
0
0
0
0
0
0
0
4
0
5
3
0
0
0
27
0
1
0
0
0
0
0
0
0
7
7
0
0
0
0
0
0
0
0
0
0
0
0
0
0
0
2
0
3
0
0
0
3
0
0
0
1
2
0
11
1
0
0
0
0
0
0
3
0
0
0
0
0
0
0
0
0
0
0
0
0
0
0
0
0
0
0
0
0
0
0
0
1
0
0
0
0
0
0
0
0
7
0
0
0
0
2
0
0
17
0
11
0
0
0
0
0
0
1
0
0
0
0
0
0
0
0
0
9
0
0
2
0
0
0
0
0
0
0
0
16
0
0
0
0
1
6
0
0
0
2
0
8
0
13
17
0
0
10
0
3
0
0
0
0
0
0
0
0
0
0
0
0
0
0
0
0
0
0
0
0
0
7
14
0
0
0
1
0
0
0
0
0
0
0
0
0
3
0
0
4
0
7
0
0
0
0
0
0
0
0
0
0
0
0
0
0
0
4
0
0
0
0
0
7
0
0
12
1
2
0
0
0
0
0
0
26
0
22
0
0
0
0
0
0
0
0
0
0
0
2
0
0
0
0
0
0
0
0
2
0
0
0
0
0
0
0
0
0
0
0
0
0
2
2
0
8
0
0
0
0
0
5
0
0
0
0
0
0
3
1
0
2
14
0
5
3
0
0
0
7
2
0
0
24
0
0
0
0
0
0
0
0
0
0
0
0
0
0
0
0
3
0
0
0
1
0
0
0
0
0
0
19
5
0
0
9
0
0
0
0
0
0
0
0
0
0
0
0
0
0
0
0
0
8
0
1
2
4
0
12
13
0
0
0
0
0
0
0
0
0
0
0
4
0
0
0
0
43
46
0
0
2
8
0
0
0
0
2
0
0
0
0
0
0
0
0
0
0
0
0
0
0
0
0
0
0
0
0
3
0
0
0
0
0
0
0
59
0
0
15
10
0
0
0
0
4
0
0
0
0
0
0
4
0
0
0
0
68
8
0
4
8
0
0
0
0
0
0
0
0
1
1
0
0
5
5
38
0
0
0
0
0
1
5
0
0
0
0
3
0
0
0
0
0
0
0
0
0
0
0
0
1
0
0
0
0
0
0
0
0
0
0
0
0
0
0
1
3
0
4
4
0
0
0
0
0
0
0
0
0
0
0
0
0
1
0
0
0
0
0
4
0
0
0
1
0
0
0
2
0
5
1
0
0
0
0
0
0
0
1
0
12
0
0
0
0
0
0
0
0
0
0
0
0
0
0
0
0
0
0
6
0
2
0
0
0
0
0
0
0
2
0
0
0
0
25
0
0
0
0
0
0
0
0
0
0
0
0
3
0
0
0
0
0
2
0
0
0
0
0
0
1
0
3
2
0
1
0
0
170
1
0
17
10
0
0
0
2
0
0
0
0
19
0
0
8
1
0
0
0
6
0
0
0
0
0
0
54
42
0
16
72
0
0
0
1
0
0
0
0
0
0
0
0
0
0
0
0
0
0
0
0
0
0
1
0
0
1
0
0
0
0
0
0
0
0
0
0
0
0
0
0
0
3
0
0
2
0
5
23
0
0
0
0
0
1
0
3
0
6
110
0
4
10
0
0
10
0
0
0
0
0
0
0
0
0
0
0
0
0
0
0
0
0
7
0
0
0
1
0
0
0
0
0
0
0
0
10
0
0
0
0
0
0
0
0
0
0
0
0
0
0
0
0
0
0
2
0
6
0
0
0
5
2
6
0
0
0
0
0
0
0
2
1
0
0
0
0
0
0
0
0
0
0
0
0
11
0
0
0
0
0
0
0
0
0
0
0
0
19
2
8
2
0
5
0
7
0
5
0
0
0
0
0
0
0
0
0
0
133
0
2
1
0
6
3
0
0
0
0
0
0
0
0
1
12
0
0
0
0
26
3
0
1
0
0
0
0
0
0
0
0
0
3
0
0
0
0
0
0
27
0
0
0
6
0
0
0
0
0
11
0
1
0
0
0
0
0
0
0
0
0
0
0
0
0
0
0
0
0
0
57
0
0
0
0
0
0
0
0
0
0
0
0
5
0
11
0
0
0
0
0
0
0
0
0
0
1
0
0
0
0
0
0
0
0
0
0
0
0
0
0
0
0
0
0
0
0
0
0
0
0
0
8
0
0
0
0
0
0
0
0
0
0
0
4
0
2
0
0
0
0
0
6
0
0
0
0
0
5
0
0
0
0
4
0
0
9
0
0
0
0
2
1
0
0
0
0
0
1
4
0
0
0
0
0
0
2
0
27
0
0
3
0
0
0
15
0
0
0
0
0
0
0
0
0
0
0
0
0
0
0
0
0
0
0
0
0
0
3
15
0
0
0
0
0
0
2
0
0
0
0
0
0
0
0
0
0
0
6
0
16
3
0
0
3
33
0
0
0
7
0
1
0
0
0
0
0
0
0
0
0
0
0
19
0
0
6
0
0
0
0
0
0
0
0
0
0
0
0
0
0
0
0
3
1
35
0
2
16
0
1
1
0
0
0
0
0
0
0
0
0
0
0
0
0
0
0
0
0
0
2
0
0
3
209
0
0
0
0
0
0
0
0
0
0
0
0
0
0
1
0
0
0
0
0
0
0
0
0
0
0
0
0
0
0
0
0
17
0
0
0
0
0
0
0
11
0
0
0
0
0
0
0
0
0
0
0
2
0
0
0
2
0
2
12
0
0
0
2
0
0
10
0
0
0
2
7
0
0
0
0
0
0
0
0
0
0
0
0
0
0
0
7
8
0
79
0
0
0
2
0
0
0
0
0
0
0
0
0
0
0
0
0
0
9
0
0
0
0
0
0
0
0
0
0
0
0
12
0
0
0
12
22
0
0
0
0
0
48
23
0
0
0
0
2
0
0
0
0
0
0
0
2
0
2
7
0
2
0
