int
0
0
6
0
0
6
1
0
0
0
0
7
2
0
0
0
7
0
0
0
0
0
0
0
0
8
0
0
2
0
0
0
0
3
0
0
0
0
0
0
0
0
0
0
0
0
0
0
0
0
0
1
0
0
0
0
0
0
0
0
0
1
0
3
2
0
4
6
0
0
0
8
1
5
1
0
0
0
0
2
0
2
4
0
8
4
0
8
4
0
0
0
0
0
0
1
0
1
0
0
1
0
0
0
0
1
0
0
0
9
0
1
0
1
0
0
1
4
0
9
0
6
0
0
0
0
0
0
0
0
0
3
0
0
0
0
0
0
0
0
0
0
0
0
0
0
0
0
0
0
0
0
0
0
6
1
6
1
2
0
0
7
0
7
10
0
2
0
0
0
0
0
0
3
0
0
0
8
0
0
8
0
0
0
0
0
0
0
1
0
0
0
0
0
0
0
0
0
0
0
0
0
0
0
0
0
0
1
0
0
14
0
0
0
0
0
0
2
0
0
0
0
0
0
0
0
0
0
0
0
5
12
10
0
0
0
3
0
3
9
7
0
0
0
0
0
0
0
0
1
0
0
0
0
0
0
0
0
0
0
0
0
1
1
3
0
0
2
0
8
26
1
0
0
1
0
0
0
0
0
0
0
0
0
0
1
2
0
0
0
0
0
0
0
0
0
0
0
0
0
0
0
0
5
0
5
0
0
0
0
7
3
1
0
4
0
0
0
0
0
0
0
0
0
2
0
0
0
0
0
0
0
0
0
5
2
0
0
0
2
0
0
2
0
0
21
0
2
10
0
0
0
3
0
0
0
0
0
0
0
0
0
0
2
0
0
2
0
0
0
0
0
1
5
5
0
0
31
38
5
0
0
0
2
11
0
0
21
3
0
0
0
1
0
0
0
0
0
0
1
0
1
0
0
0
0
1
0
1
1
0
0
0
7
25
0
0
0
2
0
0
5
0
0
1
0
0
0
1
1
1
0
0
0
7
8
0
2
0
7
8
0
2
0
0
0
0
0
0
0
0
0
0
0
0
0
0
0
0
0
0
1
0
5
0
0
0
0
0
0
0
0
0
0
0
0
0
0
0
0
0
0
0
0
0
0
0
0
8
0
0
3
0
1
3
0
0
0
0
0
0
2
0
2
2
0
0
2
0
9
1
37
0
0
0
11
5
0
2
1
0
0
0
5
0
0
0
0
0
0
0
0
0
2
0
0
0
0
0
0
0
0
0
0
0
7
2
0
0
6
5
1
6
11
0
0
21
1
0
0
0
0
0
0
0
0
2
3
2
3
0
1
0
4
0
0
4
0
0
0
0
9
0
0
1
0
0
0
0
0
0
0
0
0
0
0
0
6
0
0
0
1
3
0
0
0
0
0
0
0
0
0
0
3
0
3
0
0
1
0
0
0
1
3
0
0
0
0
3
0
15
0
0
0
0
0
0
0
0
0
0
0
0
0
0
4
0
10
4
0
0
0
0
1
6
0
0
0
1
0
0
1
3
5
0
8
7
2
0
0
2
0
0
0
0
1
2
0
6
16
0
0
0
6
16
0
1
2
0
0
6
5
0
24
9
7
0
22
6
0
0
0
0
0
0
0
0
0
13
0
0
0
0
0
0
0
0
0
0
0
0
0
0
0
0
0
0
0
5
0
0
0
0
0
0
0
3
0
0
7
1
3
4
0
0
0
0
0
0
1
3
1
3
5
0
3
10
0
3
10
0
0
0
0
0
0
0
0
11
0
0
0
8
3
0
5
0
0
0
0
0
0
0
0
0
0
0
0
0
0
0
0
0
0
0
0
0
0
0
0
0
0
0
0
0
0
0
2
2
6
0
0
0
0
0
2
0
0
0
0
0
0
0
0
1
0
0
0
0
0
0
0
0
0
2
1
0
15
0
1
0
1
0
0
0
1
0
3
2
0
0
0
3
0
4
0
0
0
0
16
0
0
0
0
0
0
0
0
0
0
0
0
0
0
0
1
0
1
0
0
1
0
0
0
0
0
0
22
38
2
0
0
33
30
0
0
3
3
0
0
1
5
0
0
0
0
0
0
0
0
0
0
0
0
0
0
0
0
0
0
0
2
0
0
2
0
0
0
0
0
0
0
0
0
0
0
0
0
0
0
0
0
0
0
0
0
0
0
0
0
0
1
0
0
0
0
0
4
2
0
2
6
0
1
0
0
0
0
0
0
0
3
0
4
5
0
4
5
0
0
0
1
0
4
29
1
0
0
0
2
1
0
0
0
0
0
0
0
0
0
0
0
0
2
0
0
0
0
0
0
0
0
0
0
0
0
2
0
0
0
0
0
1
0
0
0
0
0
0
0
0
0
0
0
0
0
0
0
0
0
0
0
0
0
0
0
0
0
0
0
0
0
0
0
0
0
0
0
0
0
0
2
0
0
0
0
4
4
0
0
0
0
0
0
0
0
0
3
0
0
0
0
0
0
0
1
0
0
0
0
4
0
0
0
0
0
0
0
0
0
1
2
0
1
34
6
0
3
36
10
0
1
3
10
2
0
0
0
0
1
0
0
0
0
0
0
0
0
0
0
0
0
0
0
0
0
0
0
0
0
0
0
0
0
0
0
0
4
1
6
3
0
0
13
1
2
0
0
0
0
0
0
0
0
0
3
0
0
0
0
1
0
1
14
33
1
3
50
161
13
0
3
10
17
2
0
3
0
0
0
0
0
0
0
0
0
1
1
1
0
1
0
0
0
0
22
0
0
2
0
0
0
0
0
0
0
0
1
0
0
0
0
0
0
16
2
0
0
26
0
26
8
0
0
0
0
1
0
6
1
4
0
7
0
0
2
2
1
0
0
2
0
0
0
2
0
0
0
0
3
0
0
0
1
8
0
17
0
0
3
0
0
0
0
0
0
0
0
0
0
3
0
0
2
0
0
0
0
3
1
3
0
0
0
0
0
0
0
0
0
2
4
0
0
14
22
6
0
0
0
0
1
7
7
0
0
0
6
4
0
0
0
0
0
0
0
5
0
5
26
0
2
0
