int
0
6
1
0
6
1
0
0
0
0
7
2
0
0
0
7
2
0
0
0
0
0
0
0
8
3
0
2
0
0
0
0
3
4
0
0
0
0
0
0
0
0
0
3
0
0
0
0
0
0
1
0
0
0
0
0
6
0
4
0
0
4
3
2
5
4
6
0
0
0
8
0
5
1
3
0
0
0
0
4
2
4
0
8
4
0
8
4
0
0
0
0
5
0
0
5
1
0
0
1
0
0
0
0
0
0
0
3
9
1
1
4
1
0
4
9
4
0
9
0
6
0
0
0
0
0
0
0
0
0
3
17
3
3
0
0
0
0
0
0
0
0
0
0
0
0
0
0
0
0
0
0
0
0
0
2
0
2
0
0
7
10
7
10
0
2
0
0
0
0
0
3
3
0
0
0
8
0
0
8
7
0
0
1
6
0
2
5
0
0
4
0
0
0
0
0
0
0
0
0
0
0
0
0
4
0
1
0
0
14
5
0
0
0
0
0
3
0
0
5
4
0
0
0
0
3
0
0
5
5
12
10
0
0
0
3
0
3
9
7
0
0
0
0
0
6
7
4
1
42
0
0
0
0
1
0
0
0
0
5
0
0
3
3
0
0
0
3
8
26
1
0
0
1
0
0
0
0
0
0
0
0
0
0
0
30
0
0
6
0
0
0
0
0
0
0
0
0
4
0
0
0
5
2
5
2
0
0
0
7
3
0
0
4
0
0
0
8
0
0
0
0
0
0
0
0
1
0
0
0
0
0
0
0
0
0
3
0
0
1
0
2
0
0
21
9
2
10
0
0
0
3
0
0
0
0
0
0
0
0
0
0
0
0
0
2
0
0
0
3
0
0
5
5
0
0
31
38
5
0
0
0
2
11
0
0
21
3
0
0
0
1
0
5
0
0
0
0
0
4
1
0
0
0
0
1
15
1
1
0
5
0
7
25
2
0
0
2
1
4
5
0
0
0
0
1
0
0
0
1
0
0
0
7
8
0
2
0
7
8
0
2
0
0
0
0
0
0
0
0
4
0
0
0
0
0
0
0
0
3
1
0
5
0
0
5
0
0
0
0
5
0
0
0
0
0
1
0
0
6
0
0
0
0
0
6
0
8
7
0
3
0
1
3
0
0
0
0
0
4
2
0
9
2
2
6
2
0
9
4
37
6
0
0
11
5
0
2
1
0
0
0
5
0
0
0
0
0
3
0
0
4
2
0
1
0
0
0
0
0
0
0
0
0
7
2
5
0
6
5
0
6
11
0
0
21
1
0
0
0
0
0
3
0
0
0
3
0
3
0
1
0
4
0
0
4
0
0
0
0
9
68
0
1
0
3
0
0
0
0
0
0
0
0
0
0
6
5
0
0
1
3
0
0
0
0
0
0
0
0
8
5
3
0
3
8
0
0
3
0
0
0
3
0
0
0
9
3
0
15
0
0
0
23
0
0
4
0
0
0
0
0
0
0
4
4
10
4
0
0
0
11
0
6
0
0
0
0
0
0
1
3
5
3
8
7
2
0
0
2
0
3
0
0
1
1
3
6
16
0
0
0
6
16
0
1
2
0
3
6
5
3
24
9
7
0
22
6
0
0
0
0
0
4
0
0
7
13
0
0
0
5
0
0
0
0
0
0
0
0
0
0
0
3
0
0
9
5
4
0
0
0
0
0
0
3
4
3
7
0
3
4
2
0
0
0
0
0
1
3
5
3
5
1
3
10
0
3
10
0
0
0
0
3
0
0
3
11
5
0
0
8
3
0
5
0
0
0
0
0
0
0
0
0
0
0
0
0
0
0
1
0
0
0
0
4
0
0
0
0
0
7
0
0
3
0
0
6
6
0
0
0
0
0
2
0
0
0
0
0
0
0
3
1
0
0
0
0
0
5
0
0
7
3
1
0
15
0
1
0
1
2
5
0
0
0
3
2
0
0
0
3
0
4
0
0
0
0
16
0
0
0
0
0
0
0
0
0
0
2
0
0
0
0
0
0
1
0
0
1
0
0
0
0
0
5
22
38
0
0
0
33
30
0
1
3
3
0
0
1
5
0
0
0
0
0
0
0
4
0
0
0
0
0
0
0
0
14
0
0
0
0
0
0
0
0
3
0
3
0
0
4
0
1
0
0
0
3
0
0
0
0
0
0
0
0
0
0
5
0
0
7
0
0
4
11
4
2
0
0
6
0
1
0
0
0
3
0
0
3
3
1
4
5
0
4
5
0
0
0
0
6
4
29
0
0
0
0
0
8
0
0
3
0
0
0
0
0
0
0
0
0
0
5
0
0
0
0
0
0
0
0
0
0
0
2
0
0
0
0
0
1
0
0
0
0
0
0
0
0
0
0
0
0
3
0
0
0
0
0
0
0
0
0
0
0
0
7
0
0
0
0
0
0
0
0
3
0
0
0
2
0
0
0
7
4
4
0
0
0
0
0
3
0
0
3
3
0
0
0
1
0
0
0
1
0
13
0
0
4
3
0
0
0
5
3
0
0
0
0
1
0
6
34
6
2
3
36
10
2
1
3
10
2
0
0
0
3
1
0
3
6
0
0
0
0
0
15
0
0
0
0
0
0
0
0
0
0
0
0
0
0
4
10
0
0
4
16
6
3
1
0
13
0
2
0
0
0
0
0
3
0
0
3
3
0
0
0
3
1
0
3
14
33
6
3
50
161
13
2
3
10
17
2
0
3
0
0
0
0
0
0
0
0
3
1
0
3
0
0
4
0
0
0
22
3
0
2
0
0
0
0
0
0
4
0
0
0
0
6
0
0
0
16
2
0
0
26
8
26
8
0
0
0
0
6
4
6
1
4
0
7
5
0
2
2
1
1
0
2
0
0
0
2
2
0
0
10
3
3
0
0
1
8
0
17
0
0
3
0
0
0
0
0
0
0
0
0
4
3
0
0
0
0
0
0
0
3
0
3
0
0
3
0
0
0
0
0
0
0
4
3
0
14
22
6
0
4
0
0
1
7
7
0
0
1
6
4
0
0
0
0
0
0
0
5
26
5
26
0
2
0
0